 x	Error4	Error2	Error0	
1	4.01326	4.22557	4.40882	
2	4.01235	4.22484	4.40835	
3	4.01143	4.22411	4.40789	
4	4.01051	4.22338	4.40742	
5	4.0096	4.22264	4.40695	
6	4.00868	4.22191	4.40648	
7	4.00776	4.22117	4.40601	
8	4.00684	4.22043	4.40554	
9	4.00592	4.2197	4.40507	
10	4.005	4.21896	4.40459	
11	4.00408	4.21822	4.40412	
12	4.00316	4.21748	4.40364	
13	4.00224	4.21674	4.40317	
14	4.00132	4.216	4.40269	
15	4.00039	4.21526	4.40221	
16	3.99947	4.21451	4.40173	
17	3.99854	4.21377	4.40125	
18	3.99762	4.21302	4.40077	
19	3.99669	4.21228	4.40029	
20	3.99577	4.21153	4.3998	
21	3.99484	4.21079	4.39932	
22	3.99391	4.21004	4.39883	
23	3.99298	4.20929	4.39835	
24	3.99205	4.20854	4.39786	
25	3.99113	4.20779	4.39737	
26	3.9902	4.20704	4.39688	
27	3.98926	4.20629	4.39639	
28	3.98833	4.20554	4.3959	
29	3.9874	4.20478	4.39541	
30	3.98647	4.20403	4.39492	
31	3.98553	4.20327	4.39442	
32	3.9846	4.20252	4.39393	
33	3.98367	4.20176	4.39343	
34	3.98273	4.20101	4.39294	
35	3.9818	4.20025	4.39244	
36	3.98086	4.19949	4.39194	
37	3.97992	4.19873	4.39144	
38	3.97898	4.19797	4.39094	
39	3.97805	4.19721	4.39044	
40	3.97711	4.19645	4.38994	
41	3.97617	4.19569	4.38943	
42	3.97523	4.19492	4.38893	
43	3.97429	4.19416	4.38843	
44	3.97334	4.1934	4.38792	
45	3.9724	4.19263	4.38741	
46	3.97146	4.19186	4.3869	
47	3.97052	4.1911	4.3864	
48	3.96957	4.19033	4.38589	
49	3.96863	4.18956	4.38538	
50	3.96768	4.18879	4.38486	
51	3.96674	4.18802	4.38435	
52	3.96579	4.18725	4.38384	
53	3.96485	4.18648	4.38332	
54	3.9639	4.18571	4.38281	
55	3.96295	4.18493	4.38229	
56	3.962	4.18416	4.38177	
57	3.96105	4.18339	4.38126	
58	3.9601	4.18261	4.38074	
59	3.95915	4.18184	4.38022	
60	3.9582	4.18106	4.3797	
61	3.95725	4.18028	4.37917	
62	3.9563	4.1795	4.37865	
63	3.95534	4.17872	4.37813	
64	3.95439	4.17794	4.3776	
65	3.95344	4.17716	4.37708	
66	3.95248	4.17638	4.37655	
67	3.95153	4.1756	4.37602	
68	3.95057	4.17482	4.3755	
69	3.94961	4.17403	4.37497	
70	3.94866	4.17325	4.37444	
71	3.9477	4.17247	4.37391	
72	3.94674	4.17168	4.37337	
73	3.94578	4.17089	4.37284	
74	3.94482	4.17011	4.37231	
75	3.94386	4.16932	4.37177	
76	3.9429	4.16853	4.37124	
77	3.94194	4.16774	4.3707	
78	3.94098	4.16695	4.37016	
79	3.94001	4.16616	4.36962	
80	3.93905	4.16537	4.36908	
81	3.93809	4.16458	4.36854	
82	3.93712	4.16378	4.368	
83	3.93616	4.16299	4.36746	
84	3.93519	4.16219	4.36692	
85	3.93423	4.1614	4.36637	
86	3.93326	4.1606	4.36583	
87	3.93229	4.15981	4.36528	
88	3.93133	4.15901	4.36474	
89	3.93036	4.15821	4.36419	
90	3.92939	4.15741	4.36364	
91	3.92842	4.15661	4.36309	
92	3.92745	4.15581	4.36254	
93	3.92648	4.15501	4.36199	
94	3.92551	4.15421	4.36144	
95	3.92453	4.1534	4.36088	
96	3.92356	4.1526	4.36033	
97	3.92259	4.1518	4.35977	
98	3.92162	4.15099	4.35922	
99	3.92064	4.15019	4.35866	
100	3.91967	4.14938	4.3581	
101	3.91869	4.14857	4.35755	
102	3.91772	4.14776	4.35699	
103	3.91674	4.14696	4.35643	
104	3.91576	4.14615	4.35586	
105	3.91478	4.14534	4.3553	
106	3.91381	4.14453	4.35474	
107	3.91283	4.14371	4.35417	
108	3.91185	4.1429	4.35361	
109	3.91087	4.14209	4.35304	
110	3.90989	4.14128	4.35248	
111	3.90891	4.14046	4.35191	
112	3.90792	4.13965	4.35134	
113	3.90694	4.13883	4.35077	
114	3.90596	4.13801	4.3502	
115	3.90497	4.1372	4.34963	
116	3.90399	4.13638	4.34906	
117	3.90301	4.13556	4.34849	
118	3.90202	4.13474	4.34791	
119	3.90104	4.13392	4.34734	
120	3.90005	4.1331	4.34676	
121	3.89906	4.13228	4.34618	
122	3.89807	4.13146	4.34561	
123	3.89709	4.13063	4.34503	
124	3.8961	4.12981	4.34445	
125	3.89511	4.12899	4.34387	
126	3.89412	4.12816	4.34329	
127	3.89313	4.12733	4.34271	
128	3.89214	4.12651	4.34212	
129	3.89115	4.12568	4.34154	
130	3.89015	4.12485	4.34096	
131	3.88916	4.12402	4.34037	
132	3.88817	4.12319	4.33978	
133	3.88718	4.12236	4.3392	
134	3.88618	4.12153	4.33861	
135	3.88519	4.1207	4.33802	
136	3.88419	4.11987	4.33743	
137	3.88319	4.11904	4.33684	
138	3.8822	4.1182	4.33625	
139	3.8812	4.11737	4.33565	
140	3.8802	4.11653	4.33506	
141	3.87921	4.1157	4.33447	
142	3.87821	4.11486	4.33387	
143	3.87721	4.11402	4.33327	
144	3.87621	4.11319	4.33268	
145	3.87521	4.11235	4.33208	
146	3.87421	4.11151	4.33148	
147	3.87321	4.11067	4.33088	
148	3.8722	4.10983	4.33028	
149	3.8712	4.10899	4.32968	
150	3.8702	4.10814	4.32908	
151	3.86919	4.1073	4.32847	
152	3.86819	4.10646	4.32787	
153	3.86718	4.10561	4.32727	
154	3.86618	4.10477	4.32666	
155	3.86517	4.10392	4.32605	
156	3.86417	4.10308	4.32545	
157	3.86316	4.10223	4.32484	
158	3.86215	4.10138	4.32423	
159	3.86114	4.10053	4.32362	
160	3.86014	4.09968	4.32301	
161	3.85913	4.09883	4.32239	
162	3.85812	4.09798	4.32178	
163	3.85711	4.09713	4.32117	
164	3.8561	4.09628	4.32055	
165	3.85508	4.09543	4.31994	
166	3.85407	4.09457	4.31932	
167	3.85306	4.09372	4.3187	
168	3.85205	4.09287	4.31809	
169	3.85103	4.09201	4.31747	
170	3.85002	4.09115	4.31685	
171	3.849	4.0903	4.31623	
172	3.84799	4.08944	4.31561	
173	3.84697	4.08858	4.31498	
174	3.84596	4.08772	4.31436	
175	3.84494	4.08686	4.31374	
176	3.84392	4.086	4.31311	
177	3.84291	4.08514	4.31249	
178	3.83862	4.08151	4.30984	
179	3.83291	4.07668	4.30631	
180	3.82719	4.07182	4.30276	
181	3.82145	4.06694	4.29917	
182	3.8157	4.06204	4.29556	
183	3.80993	4.05712	4.29193	
184	3.80414	4.05218	4.28827	
185	3.79834	4.04722	4.28458	
186	3.79252	4.04224	4.28086	
187	3.78668	4.03724	4.27712	
188	3.78083	4.03222	4.27336	
189	3.77497	4.02718	4.26957	
190	3.76908	4.02211	4.26575	
191	3.76319	4.01703	4.2619	
192	3.75727	4.01193	4.25804	
193	3.75135	4.00681	4.25414	
194	3.7454	4.00166	4.25022	
195	3.73945	3.9965	4.24628	
196	3.73347	3.99132	4.24231	
197	3.72749	3.98612	4.23831	
198	3.72148	3.9809	4.23429	
199	3.71547	3.97566	4.23025	
200	3.70944	3.9704	4.22618	
201	3.70339	3.96512	4.22209	
202	3.69733	3.95983	4.21797	
203	3.69126	3.95451	4.21383	
204	3.68517	3.94918	4.20966	
205	3.67907	3.94382	4.20547	
206	3.67295	3.93845	4.20125	
207	3.66682	3.93306	4.19702	
208	3.66067	3.92765	4.19275	
209	3.65452	3.92223	4.18847	
210	3.64835	3.91678	4.18416	
211	3.64216	3.91132	4.17982	
212	3.63596	3.90584	4.17547	
213	3.62975	3.90034	4.17109	
214	3.62353	3.89482	4.16668	
215	3.61729	3.88929	4.16226	
216	3.61104	3.88374	4.15781	
217	3.60478	3.87817	4.15333	
218	3.59851	3.87258	4.14884	
219	3.59222	3.86698	4.14432	
220	3.58592	3.86136	4.13978	
221	3.5796	3.85572	4.13521	
222	3.57328	3.85006	4.13063	
223	3.56694	3.84439	4.12602	
224	3.56059	3.8387	4.12139	
225	3.55423	3.833	4.11674	
226	3.54786	3.82728	4.11206	
227	3.54147	3.82154	4.10737	
228	3.53508	3.81578	4.10265	
229	3.52867	3.81001	4.09791	
230	3.52225	3.80423	4.09315	
231	3.51582	3.79842	4.08836	
232	3.50938	3.7926	4.08356	
233	3.50292	3.78677	4.07873	
234	3.49646	3.78092	4.07388	
235	3.48998	3.77505	4.06901	
236	3.4835	3.76917	4.06413	
237	3.477	3.76328	4.05921	
238	3.47049	3.75736	4.05428	
239	3.46397	3.75144	4.04933	
240	3.45744	3.74549	4.04436	
241	3.4509	3.73954	4.03937	
242	3.44435	3.73356	4.03435	
243	3.43779	3.72758	4.02932	
244	3.43122	3.72157	4.02426	
245	3.42464	3.71556	4.01919	
246	3.41805	3.70953	4.0141	
247	3.41145	3.70348	4.00898	
248	3.40485	3.69742	4.00385	
249	3.39823	3.69135	3.99869	
250	3.3916	3.68526	3.99352	
251	3.38496	3.67916	3.98833	
252	3.37831	3.67304	3.98312	
253	3.37166	3.66691	3.97788	
254	3.36499	3.66077	3.97263	
255	3.35832	3.65461	3.96736	
256	3.35164	3.64844	3.96208	
257	3.34495	3.64226	3.95677	
258	3.33825	3.63606	3.95144	
259	3.33154	3.62985	3.9461	
260	3.32482	3.62362	3.94073	
261	3.31809	3.61739	3.93535	
262	3.31136	3.61114	3.92995	
263	3.30462	3.60488	3.92453	
264	3.29787	3.5986	3.91909	
265	3.29111	3.59231	3.91364	
266	3.28434	3.58601	3.90816	
267	3.27757	3.5797	3.90267	
268	3.27079	3.57338	3.89716	
269	3.264	3.56704	3.89164	
270	3.25721	3.56069	3.88609	
271	3.2504	3.55433	3.88053	
272	3.24359	3.54796	3.87495	
273	3.23677	3.54157	3.86936	
274	3.22995	3.53517	3.86374	
275	3.22312	3.52877	3.85811	
276	3.21628	3.52235	3.85246	
277	3.20943	3.51592	3.8468	
278	3.20258	3.50947	3.84112	
279	3.19572	3.50302	3.83542	
280	3.18886	3.49656	3.82971	
281	3.18199	3.49008	3.82397	
282	3.17511	3.48359	3.81823	
283	3.16822	3.4771	3.81246	
284	3.16133	3.47059	3.80668	
285	3.15444	3.46407	3.80089	
286	3.14754	3.45754	3.79508	
287	3.14063	3.451	3.78925	
288	3.13372	3.44445	3.7834	
289	3.1268	3.43789	3.77755	
290	3.11988	3.43132	3.77167	
291	3.11295	3.42474	3.76578	
292	3.10601	3.41815	3.75987	
293	3.09907	3.41155	3.75395	
294	3.09213	3.40495	3.74802	
295	3.08518	3.39833	3.74207	
296	3.07823	3.3917	3.7361	
297	3.07127	3.38506	3.73012	
298	3.0643	3.37842	3.72412	
299	3.05734	3.37176	3.71811	
300	3.05036	3.36509	3.71209	
301	3.04339	3.35842	3.70605	
302	3.03641	3.35174	3.7	
303	3.02942	3.34505	3.69393	
304	3.02243	3.33835	3.68784	
305	3.01544	3.33164	3.68175	
306	3.00844	3.32492	3.67564	
307	3.00144	3.3182	3.66951	
308	2.99444	3.31146	3.66338	
309	2.98743	3.30472	3.65723	
310	2.98042	3.29797	3.65106	
311	2.97341	3.29121	3.64488	
312	2.96639	3.28445	3.63869	
313	2.95937	3.27767	3.63249	
314	2.95234	3.27089	3.62627	
315	2.94532	3.2641	3.62004	
316	2.93829	3.25731	3.61379	
317	2.93126	3.2505	3.60753	
318	2.92422	3.24369	3.60126	
319	2.91719	3.23688	3.59498	
320	2.91015	3.23005	3.58869	
321	2.90311	3.22322	3.58238	
322	2.89606	3.21638	3.57606	
323	2.88902	3.20954	3.56973	
324	2.88197	3.20268	3.56338	
325	2.87492	3.19583	3.55703	
326	2.86787	3.18896	3.55066	
327	2.86081	3.18209	3.54428	
328	2.85376	3.17521	3.53789	
329	2.8467	3.16833	3.53149	
330	2.83965	3.16144	3.52507	
331	2.83259	3.15454	3.51865	
332	2.82553	3.14764	3.51221	
333	2.81847	3.14074	3.50576	
334	2.8114	3.13382	3.4993	
335	2.80434	3.1269	3.49283	
336	2.79728	3.11998	3.48635	
337	2.79021	3.11305	3.47985	
338	2.78315	3.10612	3.47335	
339	2.77608	3.09918	3.46684	
340	2.76902	3.09223	3.46031	
341	2.76195	3.08528	3.45378	
342	2.75488	3.07833	3.44723	
343	2.74782	3.07137	3.44068	
344	2.74075	3.06441	3.43411	
345	2.73369	3.05744	3.42754	
346	2.72662	3.05047	3.42095	
347	2.71955	3.04349	3.41436	
348	2.71249	3.03651	3.40775	
349	2.70542	3.02953	3.40114	
350	2.69836	3.02254	3.39451	
351	2.6913	3.01554	3.38788	
352	2.68423	3.00855	3.38124	
353	2.67717	3.00155	3.37459	
354	2.67011	2.99454	3.36792	
355	2.66305	2.98754	3.36125	
356	2.656	2.98053	3.35458	
357	2.64894	2.97351	3.34789	
358	2.64188	2.96649	3.34119	
359	2.63483	2.95947	3.33449	
360	2.62778	2.95245	3.32777	
361	2.62073	2.94542	3.32105	
362	2.61368	2.9384	3.31432	
363	2.60663	2.93136	3.30758	
364	2.59959	2.92433	3.30084	
365	2.59255	2.91729	3.29408	
366	2.58551	2.91025	3.28732	
367	2.57847	2.90321	3.28055	
368	2.57144	2.89617	3.27377	
369	2.5644	2.88912	3.26699	
370	2.55737	2.88207	3.26019	
371	2.55035	2.87502	3.25339	
372	2.54332	2.86797	3.24658	
373	2.5363	2.86092	3.23977	
374	2.52928	2.85387	3.23295	
375	2.52227	2.84681	3.22612	
376	2.51526	2.83975	3.21928	
377	2.50825	2.83269	3.21244	
378	2.50124	2.82563	3.20559	
379	2.49424	2.81857	3.19874	
380	2.48725	2.81151	3.19187	
381	2.48025	2.80445	3.18501	
382	2.47326	2.79738	3.17813	
383	2.46628	2.79032	3.17125	
384	2.45929	2.78325	3.16436	
385	2.45232	2.77619	3.15747	
386	2.44534	2.76912	3.15057	
387	2.43837	2.76206	3.14367	
388	2.43141	2.75499	3.13676	
389	2.42445	2.74792	3.12984	
390	2.41749	2.74086	3.12292	
391	2.41054	2.73379	3.11599	
392	2.4036	2.72673	3.10906	
393	2.39666	2.71966	3.10212	
394	2.38972	2.7126	3.09518	
395	2.38279	2.70553	3.08823	
396	2.37587	2.69847	3.08128	
397	2.36895	2.6914	3.07433	
398	2.36203	2.68434	3.06736	
399	2.35513	2.67728	3.0604	
400	2.34822	2.67022	3.05343	
401	2.34133	2.66316	3.04645	
402	2.33443	2.6561	3.03947	
403	2.32755	2.64905	3.03249	
404	2.32067	2.64199	3.0255	
405	2.3138	2.63494	3.01851	
406	2.30693	2.62789	3.01152	
407	2.30007	2.62084	3.00452	
408	2.29322	2.61379	2.99752	
409	2.28637	2.60674	2.99051	
410	2.27953	2.5997	2.9835	
411	2.2727	2.59265	2.97649	
412	2.26587	2.58562	2.96947	
413	2.25905	2.57858	2.96245	
414	2.25224	2.57154	2.95543	
415	2.24543	2.56451	2.94841	
416	2.23864	2.55748	2.94138	
417	2.23185	2.55045	2.93435	
418	2.22506	2.54343	2.92731	
419	2.21829	2.53641	2.92028	
420	2.21152	2.52939	2.91324	
421	2.20476	2.52237	2.9062	
422	2.19801	2.51536	2.89916	
423	2.19126	2.50835	2.89211	
424	2.18453	2.50135	2.88507	
425	2.1778	2.49435	2.87802	
426	2.17108	2.48735	2.87097	
427	2.16437	2.48036	2.86391	
428	2.15767	2.47337	2.85686	
429	2.15097	2.46638	2.8498	
430	2.14429	2.4594	2.84275	
431	2.13761	2.45242	2.83569	
432	2.13095	2.44545	2.82863	
433	2.12429	2.43848	2.82157	
434	2.11764	2.43151	2.81451	
435	2.111	2.42455	2.80744	
436	2.10437	2.4176	2.80038	
437	2.09775	2.41065	2.79332	
438	2.09114	2.4037	2.78625	
439	2.08454	2.39676	2.77919	
440	2.07794	2.38983	2.77212	
441	2.07136	2.3829	2.76506	
442	2.06479	2.37597	2.75799	
443	2.05823	2.36905	2.75092	
444	2.05168	2.36214	2.74386	
445	2.04513	2.35523	2.73679	
446	2.0386	2.34833	2.72972	
447	2.03208	2.34143	2.72266	
448	2.02557	2.33454	2.71559	
449	2.01907	2.32765	2.70853	
450	2.01258	2.32077	2.70146	
451	2.0061	2.3139	2.6944	
452	1.99964	2.30704	2.68734	
453	1.99318	2.30017	2.68028	
454	1.98674	2.29332	2.67322	
455	1.9803	2.28647	2.66616	
456	1.97388	2.27963	2.6591	
457	1.96747	2.2728	2.65204	
458	1.96107	2.26597	2.64499	
459	1.95468	2.25915	2.63793	
460	1.9483	2.25234	2.63088	
461	1.94194	2.24554	2.62383	
462	1.93559	2.23874	2.61678	
463	1.92925	2.23195	2.60973	
464	1.92292	2.22516	2.60269	
465	1.91661	2.21839	2.59564	
466	1.9103	2.21162	2.5886	
467	1.90401	2.20486	2.58156	
468	1.89773	2.19811	2.57453	
469	1.89147	2.19137	2.56749	
470	1.88521	2.18463	2.56046	
471	1.87897	2.1779	2.55343	
472	1.87275	2.17118	2.54641	
473	1.86653	2.16447	2.53939	
474	1.86033	2.15777	2.53237	
475	1.85415	2.15108	2.52535	
476	1.84797	2.14439	2.51834	
477	1.84181	2.13771	2.51133	
478	1.83566	2.13105	2.50432	
479	1.82953	2.12439	2.49732	
480	1.82341	2.11774	2.49032	
481	1.81731	2.1111	2.48332	
482	1.81121	2.10447	2.47633	
483	1.80514	2.09785	2.46935	
484	1.79907	2.09124	2.46236	
485	1.79302	2.08464	2.45538	
486	1.78699	2.07804	2.44841	
487	1.78097	2.07146	2.44144	
488	1.77496	2.06489	2.43447	
489	1.76897	2.05833	2.42751	
490	1.763	2.05177	2.42055	
491	1.75703	2.04523	2.4136	
492	1.75109	2.0387	2.40665	
493	1.74516	2.03218	2.39971	
494	1.73924	2.02567	2.39277	
495	1.73334	2.01917	2.38584	
496	1.72746	2.01268	2.37891	
497	1.72159	2.0062	2.37199	
498	1.71573	1.99973	2.36507	
499	1.70989	1.99328	2.35816	
500	1.70407	1.98683	2.35126	
501	1.69826	1.9804	2.34436	
502	1.69247	1.97398	2.33746	
503	1.6867	1.96756	2.33057	
504	1.68094	1.96117	2.32369	
505	1.6752	1.95478	2.31682	
506	1.66947	1.9484	2.30995	
507	1.66376	1.94204	2.30309	
508	1.65807	1.93568	2.29623	
509	1.65239	1.92934	2.28938	
510	1.64674	1.92302	2.28254	
511	1.64109	1.9167	2.2757	
512	1.63547	1.9104	2.26887	
513	1.62986	1.90411	2.26205	
514	1.62427	1.89783	2.25523	
515	1.6187	1.89156	2.24842	
516	1.61314	1.88531	2.24162	
517	1.6076	1.87907	2.23483	
518	1.60208	1.87284	2.22804	
519	1.59658	1.86663	2.22126	
520	1.59109	1.86043	2.21449	
521	1.58562	1.85424	2.20773	
522	1.58017	1.84806	2.20097	
523	1.57474	1.8419	2.19423	
524	1.56933	1.83576	2.18749	
525	1.56394	1.82962	2.18076	
526	1.55856	1.8235	2.17403	
527	1.5532	1.8174	2.16732	
528	1.54786	1.81131	2.16061	
529	1.54254	1.80523	2.15392	
530	1.53724	1.79916	2.14723	
531	1.53196	1.79312	2.14055	
532	1.52669	1.78708	2.13388	
533	1.52145	1.78106	2.12721	
534	1.51622	1.77505	2.12056	
535	1.51102	1.76906	2.11392	
536	1.50583	1.76309	2.10728	
537	1.50067	1.75712	2.10066	
538	1.49552	1.75118	2.09404	
539	1.49039	1.74525	2.08744	
540	1.48528	1.73933	2.08084	
541	1.4802	1.73343	2.07425	
542	1.47513	1.72754	2.06768	
543	1.47008	1.72167	2.06111	
544	1.46505	1.71582	2.05455	
545	1.46005	1.70998	2.04801	
546	1.45506	1.70416	2.04147	
547	1.45009	1.69835	2.03495	
548	1.44515	1.69256	2.02843	
549	1.44022	1.68679	2.02193	
550	1.43532	1.68103	2.01543	
551	1.43044	1.67528	2.00895	
552	1.42558	1.66956	2.00248	
553	1.42074	1.66385	1.99602	
554	1.41592	1.65816	1.98957	
555	1.41112	1.65248	1.98313	
556	1.40634	1.64682	1.9767	
557	1.40159	1.64118	1.97028	
558	1.39685	1.63555	1.96388	
559	1.39214	1.62994	1.95749	
560	1.38745	1.62435	1.95111	
561	1.38279	1.61878	1.94474	
562	1.37814	1.61322	1.93838	
563	1.37352	1.60768	1.93203	
564	1.36892	1.60216	1.9257	
565	1.36434	1.59666	1.91938	
566	1.35978	1.59117	1.91307	
567	1.35525	1.58571	1.90677	
568	1.35074	1.58026	1.90049	
569	1.34625	1.57483	1.89422	
570	1.34178	1.56941	1.88796	
571	1.33734	1.56402	1.88172	
572	1.33292	1.55864	1.87548	
573	1.32852	1.55328	1.86926	
574	1.32415	1.54794	1.86306	
575	1.3198	1.54262	1.85686	
576	1.31548	1.53732	1.85068	
577	1.31117	1.53204	1.84452	
578	1.3069	1.52677	1.83836	
579	1.30264	1.52153	1.83222	
580	1.29841	1.5163	1.8261	
581	1.2942	1.5111	1.81999	
582	1.29002	1.50591	1.81389	
583	1.28586	1.50074	1.80781	
584	1.28173	1.4956	1.80174	
585	1.27762	1.49047	1.79568	
586	1.27353	1.48536	1.78964	
587	1.26947	1.48027	1.78361	
588	1.26543	1.4752	1.7776	
589	1.26142	1.47016	1.7716	
590	1.25744	1.46513	1.76562	
591	1.25348	1.46012	1.75965	
592	1.24954	1.45513	1.7537	
593	1.24563	1.45017	1.74776	
594	1.24174	1.44522	1.74184	
595	1.23788	1.4403	1.73593	
596	1.23405	1.43539	1.73004	
597	1.23024	1.43051	1.72416	
598	1.22645	1.42565	1.7183	
599	1.22269	1.42081	1.71246	
600	1.21896	1.41599	1.70663	
601	1.21526	1.41119	1.70081	
602	1.21158	1.40641	1.69502	
603	1.20792	1.40166	1.68923	
604	1.2043	1.39693	1.68347	
605	1.2007	1.39221	1.67772	
606	1.19712	1.38752	1.67199	
607	1.19357	1.38286	1.66627	
608	1.19005	1.37821	1.66057	
609	1.18656	1.37359	1.65489	
610	1.18309	1.36898	1.64922	
611	1.17965	1.36441	1.64357	
612	1.17624	1.35985	1.63794	
613	1.17285	1.35532	1.63232	
614	1.16949	1.3508	1.62672	
615	1.16616	1.34632	1.62114	
616	1.16286	1.34185	1.61558	
617	1.15958	1.33741	1.61003	
618	1.15633	1.33299	1.6045	
619	1.15311	1.32859	1.59899	
620	1.14992	1.32422	1.5935	
621	1.14676	1.31987	1.58802	
622	1.14362	1.31554	1.58257	
623	1.14051	1.31124	1.57713	
624	1.13743	1.30696	1.57171	
625	1.13438	1.30271	1.5663	
626	1.13136	1.29847	1.56092	
627	1.12836	1.29427	1.55555	
628	1.1254	1.29008	1.55021	
629	1.12246	1.28592	1.54488	
630	1.11955	1.28179	1.53957	
631	1.11667	1.27768	1.53428	
632	1.11382	1.27359	1.529	
633	1.111	1.26953	1.52375	
634	1.10821	1.2655	1.51852	
635	1.10545	1.26148	1.5133	
636	1.10272	1.2575	1.50811	
637	1.10002	1.25353	1.50293	
638	1.09734	1.2496	1.49778	
639	1.0947	1.24569	1.49264	
640	1.09209	1.2418	1.48753	
641	1.08951	1.23794	1.48243	
642	1.08695	1.2341	1.47735	
643	1.08443	1.23029	1.4723	
644	1.08194	1.22651	1.46726	
645	1.07948	1.22275	1.46224	
646	1.07705	1.21902	1.45725	
647	1.07465	1.21531	1.45227	
648	1.07228	1.21163	1.44732	
649	1.06994	1.20798	1.44239	
650	1.06763	1.20435	1.43747	
651	1.06535	1.20075	1.43258	
652	1.06311	1.19717	1.42771	
653	1.06089	1.19363	1.42286	
654	1.05871	1.1901	1.41803	
655	1.05656	1.18661	1.41322	
656	1.05444	1.18314	1.40844	
657	1.05235	1.1797	1.40367	
658	1.0503	1.17629	1.39893	
659	1.04827	1.1729	1.39421	
660	1.04628	1.16954	1.38951	
661	1.04432	1.16621	1.38483	
662	1.04239	1.16291	1.38018	
663	1.04049	1.15963	1.37555	
664	1.03863	1.15638	1.37093	
665	1.0368	1.15316	1.36635	
666	1.035	1.14997	1.36178	
667	1.03324	1.1468	1.35724	
668	1.0315	1.14367	1.35272	
669	1.0298	1.14056	1.34822	
670	1.02814	1.13748	1.34374	
671	1.0265	1.13443	1.33929	
672	1.0249	1.1314	1.33486	
673	1.02333	1.12841	1.33045	
674	1.0218	1.12544	1.32607	
675	1.0203	1.1225	1.32171	
676	1.01883	1.1196	1.31738	
677	1.0174	1.11672	1.31306	
678	1.016	1.11387	1.30877	
679	1.01463	1.11105	1.30451	
680	1.0133	1.10825	1.30027	
681	1.012	1.10549	1.29605	
682	1.01074	1.10276	1.29186	
683	1.00951	1.10006	1.28769	
684	1.00831	1.09738	1.28354	
685	1.00715	1.09474	1.27942	
686	1.00603	1.09213	1.27532	
687	1.00494	1.08955	1.27125	
688	1.00388	1.08699	1.26721	
689	1.00286	1.08447	1.26318	
690	1.00187	1.08198	1.25919	
691	1.00092	1.07952	1.25521	
692	1.00001	1.07708	1.25127	
693	0.999125	1.07468	1.24734	
694	0.998279	1.07231	1.24345	
695	0.99747	1.06997	1.23957	
696	0.996695	1.06767	1.23573	
697	0.995957	1.06539	1.23191	
698	0.995254	1.06314	1.22811	
699	0.994587	1.06093	1.22434	
700	0.993957	1.05874	1.2206	
