 x1	  y1
1.2598	 0.000328919
1.25966	 0.000329937
1.25953	 0.000330956
1.2594	 0.000331978
1.25926	 0.000333001
1.25913	 0.000334026
1.25899	 0.000335054
1.25886	 0.000336083
1.25873	 0.000337114
1.25859	 0.000338147
1.25845	 0.000339183
1.25832	 0.00034022
1.25818	 0.000341259
1.25805	 0.0003423
1.25791	 0.000343344
1.25777	 0.000344389
1.25764	 0.000345436
1.2575	 0.000346485
1.25736	 0.000347537
1.25722	 0.00034859
1.25709	 0.000349646
1.25695	 0.000350703
1.25681	 0.000351763
1.25667	 0.000352824
1.25653	 0.000353888
1.25639	 0.000354954
1.25625	 0.000356021
1.25611	 0.000357091
1.25597	 0.000358163
1.25583	 0.000359237
1.25569	 0.000360314
1.25555	 0.000361392
1.25541	 0.000362472
1.25527	 0.000363555
1.25512	 0.00036464
1.25498	 0.000365726
1.25484	 0.000366815
1.2547	 0.000367906
1.25455	 0.000369
1.25441	 0.000370095
1.25427	 0.000371193
1.25412	 0.000372293
1.25398	 0.000373394
1.25384	 0.000374499
1.25369	 0.000375605
1.25355	 0.000376713
1.2534	 0.000377824
1.25326	 0.000378937
1.25311	 0.000380052
1.25296	 0.00038117
1.25282	 0.000382289
1.25267	 0.000383411
1.25253	 0.000384535
1.25238	 0.000385662
1.25223	 0.00038679
1.25208	 0.000387921
1.25194	 0.000389054
1.25179	 0.00039019
1.25164	 0.000391327
1.25149	 0.000392467
1.25134	 0.000393609
1.25119	 0.000394754
1.25104	 0.000395901
1.25089	 0.00039705
1.25074	 0.000398202
1.25059	 0.000399355
1.25044	 0.000400511
1.25029	 0.00040167
1.25014	 0.000402831
1.24999	 0.000403994
1.24984	 0.000405159
1.24969	 0.000406327
1.24954	 0.000407498
1.24938	 0.00040867
1.24923	 0.000409845
1.24908	 0.000411023
1.24892	 0.000412202
1.24877	 0.000413385
1.24862	 0.000414569
1.24846	 0.000415756
1.24831	 0.000416946
1.24816	 0.000418137
1.248	 0.000419332
1.24785	 0.000420528
1.24769	 0.000421727
1.24754	 0.000422929
1.24738	 0.000424133
1.24722	 0.00042534
1.24707	 0.000426549
1.24691	 0.00042776
1.24675	 0.000428974
1.2466	 0.00043019
1.24644	 0.000431409
1.24628	 0.000432631
1.24612	 0.000433855
1.24597	 0.000435081
1.24581	 0.00043631
1.24565	 0.000437542
1.24549	 0.000438776
1.24533	 0.000440012
1.24517	 0.000441251
1.24501	 0.000442493
1.24485	 0.000443737
1.24469	 0.000444984
1.24453	 0.000446233
1.24437	 0.000447485
1.24421	 0.00044874
1.24405	 0.000449997
1.24389	 0.000451256
1.24373	 0.000452519
1.24356	 0.000453784
1.2434	 0.000455051
1.24324	 0.000456321
1.24308	 0.000457594
1.24291	 0.000458869
1.24275	 0.000460147
1.24259	 0.000461428
1.24242	 0.000462711
1.24226	 0.000463998
1.2421	 0.000465286
1.24193	 0.000466578
1.24177	 0.000467872
1.2416	 0.000469168
1.24144	 0.000470468
1.24127	 0.00047177
1.24111	 0.000473075
1.24094	 0.000474382
1.24077	 0.000475692
1.24061	 0.000477005
1.24044	 0.000478321
1.24027	 0.000479639
1.24011	 0.000480961
1.23994	 0.000482285
1.23977	 0.000483611
1.2396	 0.000484941
1.23943	 0.000486273
1.23927	 0.000487608
1.2391	 0.000488946
1.23893	 0.000490286
1.23876	 0.00049163
1.23859	 0.000492976
1.23842	 0.000494325
1.23825	 0.000495677
1.23808	 0.000497031
1.23791	 0.000498389
1.23774	 0.000499749
1.23757	 0.000501112
1.23739	 0.000502478
1.23722	 0.000503847
1.23705	 0.000505218
1.23688	 0.000506593
1.23671	 0.00050797
1.23653	 0.000509351
1.23636	 0.000510734
1.23619	 0.00051212
1.23602	 0.000513509
1.23584	 0.000514901
1.23567	 0.000516296
1.23549	 0.000517693
1.23532	 0.000519094
1.23514	 0.000520498
1.23497	 0.000521904
1.23479	 0.000523313
1.23462	 0.000524726
1.23444	 0.000526141
1.23427	 0.00052756
1.23409	 0.000528981
1.23392	 0.000530405
1.23374	 0.000531832
1.23356	 0.000533263
1.23339	 0.000534696
1.23321	 0.000536132
1.23303	 0.000537571
1.23285	 0.000539014
1.23267	 0.000540459
1.2325	 0.000541907
1.23232	 0.000543358
1.23214	 0.000544813
1.23138	 0.00307623
1.23038	 0.00312229
1.22936	 0.00316888
1.22834	 0.00321603
1.2273	 0.00326373
1.22627	 0.00331198
1.22522	 0.00336081
1.22417	 0.0034102
1.2231	 0.00346017
1.22204	 0.00351073
1.22096	 0.00356187
1.21988	 0.00361361
1.21878	 0.00366595
1.21769	 0.0037189
1.21658	 0.00377246
1.21547	 0.00382664
1.21435	 0.00388144
1.21322	 0.00393687
1.21209	 0.00399293
1.21095	 0.00404963
1.2098	 0.00410698
1.20864	 0.00416497
1.20748	 0.00422362
1.20631	 0.00428293
1.20513	 0.00434291
1.20395	 0.00440354
1.20276	 0.00446486
1.20156	 0.00452684
1.20036	 0.00458951
1.19915	 0.00465286
1.19793	 0.0047169
1.1967	 0.00478163
1.19547	 0.00484706
1.19424	 0.00491318
1.19299	 0.00498
1.19174	 0.00504753
1.19048	 0.00511576
1.18922	 0.0051847
1.18794	 0.00525434
1.18667	 0.0053247
1.18538	 0.00539577
1.18409	 0.00546755
1.18279	 0.00554005
1.18149	 0.00561326
1.18018	 0.00568719
1.17886	 0.00576183
1.17754	 0.00583718
1.17621	 0.00591325
1.17487	 0.00599003
1.17353	 0.00606752
1.17218	 0.00614572
1.17083	 0.00622462
1.16947	 0.00630423
1.1681	 0.00638454
1.16673	 0.00646554
1.16535	 0.00654724
1.16397	 0.00662962
1.16258	 0.00671269
1.16118	 0.00679644
1.15978	 0.00688085
1.15837	 0.00696593
1.15695	 0.00705167
1.15553	 0.00713806
1.1541	 0.0072251
1.15267	 0.00731276
1.15123	 0.00740105
1.14979	 0.00748996
1.14834	 0.00757947
1.14688	 0.00766958
1.14542	 0.00776026
1.14396	 0.00785152
1.14248	 0.00794334
1.14101	 0.0080357
1.13952	 0.00812858
1.13803	 0.00822199
1.13654	 0.00831589
1.13504	 0.00841027
1.13353	 0.00850513
1.13202	 0.00860043
1.13051	 0.00869616
1.12898	 0.0087923
1.12746	 0.00888884
1.12592	 0.00898574
1.12439	 0.009083
1.12284	 0.00918058
1.12129	 0.00927847
1.11974	 0.00937664
1.11818	 0.00947507
1.11662	 0.00957373
1.11505	 0.0096726
1.11348	 0.00977165
1.1119	 0.00987085
1.11031	 0.00997018
1.10872	 0.0100696
1.10713	 0.0101691
1.10553	 0.0102686
1.10393	 0.0103681
1.10232	 0.0104676
1.1007	 0.0105671
1.09909	 0.0106664
1.09746	 0.0107657
1.09583	 0.0108647
1.0942	 0.0109636
1.09256	 0.0110622
1.09092	 0.0111606
1.08928	 0.0112586
1.08762	 0.0113563
1.08597	 0.0114536
1.08431	 0.0115505
1.08264	 0.011647
1.08097	 0.0117429
1.0793	 0.0118383
1.07762	 0.011933
1.07594	 0.0120272
1.07425	 0.0121207
1.07256	 0.0122134
1.07086	 0.0123055
1.06916	 0.0123967
1.06746	 0.012487
1.06575	 0.0125765
1.06404	 0.012665
1.06232	 0.0127525
1.0606	 0.0128391
1.05887	 0.0129245
1.05714	 0.0130088
1.05541	 0.013092
1.05367	 0.0131739
1.05193	 0.0132546
1.05018	 0.013334
1.04843	 0.0134121
1.04668	 0.0134887
1.04492	 0.013564
1.04316	 0.0136377
1.04139	 0.0137099
1.03963	 0.0137806
1.03785	 0.0138496
1.03608	 0.013917
1.0343	 0.0139827
1.03251	 0.0140466
1.03072	 0.0141087
1.02893	 0.0141691
1.02714	 0.0142275
1.02534	 0.0142841
1.02354	 0.0143387
1.02173	 0.0143913
1.01992	 0.0144419
1.01811	 0.0144905
1.01629	 0.014537
1.01447	 0.0145813
1.01265	 0.0146235
1.01083	 0.0146635
1.009	 0.0147013
1.00716	 0.0147368
1.00533	 0.0147701
1.00349	 0.014801
1.00165	 0.0148297
0.9998	 0.0148559
0.997951	 0.0148798
0.996099	 0.0149013
0.994244	 0.0149204
0.992386	 0.0149371
0.990525	 0.0149513
0.988661	 0.014963
0.986794	 0.0149723
0.984924	 0.0149791
0.983051	 0.0149834
0.981175	 0.0149851
0.979296	 0.0149844
0.977415	 0.0149811
0.97553	 0.0149754
0.973643	 0.0149671
0.971753	 0.0149562
0.969861	 0.0149429
0.967966	 0.014927
0.966068	 0.0149087
0.964167	 0.0148878
0.962264	 0.0148645
0.960358	 0.0148386
0.95845	 0.0148103
0.956539	 0.0147795
0.954626	 0.0147463
0.95271	 0.0147107
0.950792	 0.0146727
0.948872	 0.0146323
0.946949	 0.0145895
0.945023	 0.0145444
0.943096	 0.014497
0.941166	 0.0144473
0.939234	 0.0143953
0.9373	 0.0143412
0.935363	 0.0142848
0.933424	 0.0142263
0.931484	 0.0141657
0.929541	 0.0141029
0.927596	 0.0140381
0.925649	 0.0139713
0.9237	 0.0139026
0.921748	 0.0138319
0.919795	 0.0137593
0.91784	 0.0136848
0.915884	 0.0136085
0.913925	 0.0135305
0.911964	 0.0134508
0.910002	 0.0133693
0.908038	 0.0132863
0.906072	 0.0132016
0.904104	 0.0131154
0.902134	 0.0130278
0.900163	 0.0129386
0.898191	 0.0128481
0.896216	 0.0127563
0.89424	 0.0126631
0.892263	 0.0125687
0.890284	 0.0124732
0.888303	 0.0123764
0.886321	 0.0122786
0.884338	 0.0121797
0.882353	 0.0120798
0.880366	 0.011979
0.878379	 0.0118773
0.87639	 0.0117748
0.874399	 0.0116714
0.872408	 0.0115673
0.870415	 0.0114625
0.868421	 0.0113571
0.866426	 0.011251
0.86443	 0.0111444
0.862432	 0.0110373
0.860434	 0.0109297
0.858434	 0.0108217
0.856433	 0.0107134
0.854432	 0.0106047
0.852429	 0.0104958
0.850425	 0.0103866
0.848421	 0.0102772
0.846415	 0.0101677
0.844409	 0.010058
0.842402	 0.00994835
0.840394	 0.00983864
0.838385	 0.00972893
0.836376	 0.00961929
0.834365	 0.00950973
0.832354	 0.0094003
0.830343	 0.00929104
0.828331	 0.00918198
0.826318	 0.00907315
0.824304	 0.0089646
0.82229	 0.00885634
0.820276	 0.00874842
0.818261	 0.00864086
0.816246	 0.0085337
0.81423	 0.00842696
0.812213	 0.00832067
0.810197	 0.00821486
0.80818	 0.00810955
0.806162	 0.00800478
0.804145	 0.00790056
0.802127	 0.00779692
0.800109	 0.00769389
0.79809	 0.00759147
0.796072	 0.0074897
0.794053	 0.0073886
0.792035	 0.00728817
0.790016	 0.00718846
0.787997	 0.00708946
0.785978	 0.00699119
0.783959	 0.00689368
0.78194	 0.00679694
0.779921	 0.00670098
0.777903	 0.00660581
0.775884	 0.00651145
0.773865	 0.00641791
0.771847	 0.0063252
0.769829	 0.00623333
0.767811	 0.00614231
0.765793	 0.00605215
0.763776	 0.00596286
0.761759	 0.00587445
0.759742	 0.00578692
0.757726	 0.00570027
0.75571	 0.00561452
0.753695	 0.00552968
0.751679	 0.00544573
0.749665	 0.00536269
0.747651	 0.00528057
0.745637	 0.00519935
0.743625	 0.00511906
0.741612	 0.00503968
0.739601	 0.00496122
0.73759	 0.00488368
0.735579	 0.00480706
0.73357	 0.00473135
0.731561	 0.00465657
0.729553	 0.00458271
0.727546	 0.00450976
0.725539	 0.00443773
0.723534	 0.00436661
0.721529	 0.0042964
0.719525	 0.00422709
0.717522	 0.00415869
0.715521	 0.00409119
0.71352	 0.00402459
0.71152	 0.00395887
0.709521	 0.00389404
0.707524	 0.0038301
0.705527	 0.00376703
0.703532	 0.00370483
0.701538	 0.0036435
0.699545	 0.00358303
0.697553	 0.00352342
0.695563	 0.00346465
0.693574	 0.00340673
0.691586	 0.00334964
0.689599	 0.00329338
0.687614	 0.00323794
0.685631	 0.00318331
0.683649	 0.00312949
0.681668	 0.00307648
0.679689	 0.00302425
0.677711	 0.00297282
0.675735	 0.00292216
0.67376	 0.00287227
0.671787	 0.00282314
0.669816	 0.00277477
0.667846	 0.00272714
0.665878	 0.00268025
0.663912	 0.0026341
0.661948	 0.00258866
0.659985	 0.00254394
0.658024	 0.00249993
0.656065	 0.00245661
0.654108	 0.00241399
0.652153	 0.00237204
0.6502	 0.00233077
0.648248	 0.00229017
0.646299	 0.00225022
0.644352	 0.00221092
0.642407	 0.00217226
0.640463	 0.00213424
0.638522	 0.00209683
0.636583	 0.00206005
0.634647	 0.00202387
0.632712	 0.00198829
0.63078	 0.0019533
0.62885	 0.0019189
0.626922	 0.00188507
0.624996	 0.00185181
0.623073	 0.00181911
0.621152	 0.00178696
0.619234	 0.00175535
0.617318	 0.00172428
0.615404	 0.00169374
0.613493	 0.00166372
0.611585	 0.00163421
0.609679	 0.00160521
0.607775	 0.0015767
0.605875	 0.00154869
0.603976	 0.00152115
0.602081	 0.0014941
0.600188	 0.00146751
0.598298	 0.00144138
0.59641	 0.00141571
0.594526	 0.00139049
0.592644	 0.0013657
0.590765	 0.00134135
0.588889	 0.00131743
0.587015	 0.00129392
0.585145	 0.00127083
0.583277	 0.00124814
0.581413	 0.00122586
0.579552	 0.00120397
0.577693	 0.00118246
0.575838	 0.00116134
0.573986	 0.00114059
0.572136	 0.00112021
0.57029	 0.00110019
0.568447	 0.00108052
0.566608	 0.00106121
0.564771	 0.00104225
0.562938	 0.00102362
0.561108	 0.00100532
0.559282	 0.000987356
0.557459	 0.000969711
0.555639	 0.000952383
0.553823	 0.000935366
0.55201	 0.000918655
0.5502	 0.000902245
0.548394	 0.00088613
0.546592	 0.000870307
0.544793	 0.000854768
0.542997	 0.00083951
0.541205	 0.000824528
0.539417	 0.000809817
0.537633	 0.000795372
0.535852	 0.000781189
0.534075	 0.000767263
0.532302	 0.000753589
0.530532	 0.000740164
0.528767	 0.000726982
0.527005	 0.00071404
0.525247	 0.000701332
0.523493	 0.000688856
0.521742	 0.000676607
0.519996	 0.00066458
0.518254	 0.000652773
0.516516	 0.00064118
0.514782	 0.000629799
0.513052	 0.000618625
0.511325	 0.000607654
0.509604	 0.000596884
0.507886	 0.00058631
0.506172	 0.000575929
0.504463	 0.000565737
0.502758	 0.000555731
0.501057	 0.000545908
0.499361	 0.000536264
0.497668	 0.000526796
0.495981	 0.0005175
0.494297	 0.000508375
0.492618	 0.000499415
0.490944	 0.00049062
0.489273	 0.000481985
0.487608	 0.000473507
0.485947	 0.000465184
0.48429	 0.000457013
0.482638	 0.000448991
0.480991	 0.000441116
0.479348	 0.000433384
0.47771	 0.000425793
0.476077	 0.00041834
0.474449	 0.000411023
0.472825	 0.00040384
0.471206	 0.000396787
0.469592	 0.000389863
0.467982	 0.000383065
0.466378	 0.00037639
0.464778	 0.000369837
0.463184	 0.000363403
0.461594	 0.000357086
0.460009	 0.000350884
0.45843	 0.000344795
0.456855	 0.000338816
0.455286	 0.000332946
0.453721	 0.000327182
0.452162	 0.000321522
0.450608	 0.000315965
0.449059	 0.000310509
0.447515	 0.000305151
0.445977	 0.00029989
0.444444	 0.000294725
0.442916	 0.000289653
0.441394	 0.000284672
0.439877	 0.000279781
0.438365	 0.000274978
0.436859	 0.000270262
0.435358	 0.000265631
0.433862	 0.000261083
0.432373	 0.000256616
0.430888	 0.00025223
0.42941	 0.000247923
0.427936	 0.000243693
0.426469	 0.000239538
0.425007	 0.000235458
0.423551	 0.000231451
0.422101	 0.000227516
0.420656	 0.000223651
0.419217	 0.000219854
0.417784	 0.000216126
0.416357	 0.000212463
0.414935	 0.000208866
0.41352	 0.000205333
0.41211	 0.000201862
0.410706	 0.000198453
0.409309	 0.000195104
0.407917	 0.000191814
0.406531	 0.000188583
0.405152	 0.000185408
0.403778	 0.00018229
0.402411	 0.000179226
0.40105	 0.000176216
0.399695	 0.000173259
0.398346	 0.000170353
0.397003	 0.000167499
0.395667	 0.000164694
0.394337	 0.000161939
0.393013	 0.000159231
0.391696	 0.000156571
0.390385	 0.000153957
0.38908	 0.000151388
0.387782	 0.000148863
0.38649	 0.000146383
0.385205	 0.000143945
0.383926	 0.000141549
0.382654	 0.000139195
0.381389	 0.00013688
0.38013	 0.000134606
0.378877	 0.000132371
0.377632	 0.000130173
0.376393	 0.000128014
0.375161	 0.000125891
0.373935	 0.000123804
0.372717	 0.000121753
0.371505	 0.000119736
0.3703	 0.000117753
0.369102	 0.000115804
0.36791	 0.000113888
0.366726	 0.000112004
0.365549	 0.000110151
0.364378	 0.000108329
0.363215	 0.000106538
0.362059	 0.000104777
0.360909	 0.000103045
0.359767	 0.000101341
0.358632	 9.96659e-05
0.357504	 9.80183e-05
0.356384	 9.63977e-05
0.35527	 9.48038e-05
0.354164	 9.32359e-05
0.353065	 9.16936e-05
0.351974	 9.01764e-05
0.350889	 8.86838e-05
0.349812	 8.72154e-05
0.348743	 8.57707e-05
0.347681	 8.43492e-05
0.346626	 8.29505e-05
0.345579	 8.15742e-05
0.344539	 8.02198e-05
0.343507	 7.8887e-05
0.342482	 7.75752e-05
0.341465	 7.62841e-05
0.340456	 7.50134e-05
0.339454	 7.37625e-05
0.33846	 7.25312e-05
0.337474	 7.13191e-05
0.336495	 7.01257e-05
0.335524	 6.89508e-05
0.334561	 6.77939e-05
0.333606	 6.66547e-05
0.332659	 6.5533e-05
0.331719	 6.44282e-05
0.330788	 6.33402e-05
0.329864	 6.22685e-05
0.328948	 6.12129e-05
0.328041	 6.01731e-05
0.327141	 5.91486e-05
0.326249	 5.81394e-05
0.325366	 5.71449e-05
0.324491	 5.6165e-05
0.323623	 5.51994e-05
0.322764	 5.42477e-05
0.321913	 5.33097e-05
0.321071	 5.23851e-05
0.320236	 5.14737e-05
0.31941	 5.05752e-05
0.318592	 4.96893e-05
0.317783	 4.88158e-05
0.316982	 4.79544e-05
0.316189	 4.71048e-05
0.315405	 4.62669e-05
0.314629	 4.54404e-05
0.313862	 4.46251e-05
0.313103	 4.38206e-05
0.312352	 4.30269e-05
0.311611	 4.22436e-05
0.310878	 4.14706e-05
0.310153	 4.07076e-05
0.309437	 3.99545e-05
0.30873	 3.92109e-05
0.308032	 3.84767e-05
0.307342	 3.77518e-05
0.306661	 3.70358e-05
0.305989	 3.63287e-05
0.305326	 3.56301e-05
0.304672	 3.49399e-05
0.304026	 3.4258e-05
0.30339	 3.35841e-05
0.302762	 3.2918e-05
0.302144	 3.22597e-05
0.301534	 3.16088e-05
0.300933	 3.09652e-05
0.300342	 3.03287e-05
0.299759	 2.96992e-05
0.299186	 2.90765e-05
0.298622	 2.84604e-05
0.298067	 2.78508e-05
0.297521	 2.72475e-05
0.296985	 2.66503e-05
0.296457	 2.60591e-05
0.295939	 2.54737e-05
0.295431	 2.48939e-05
0.294931	 2.43197e-05
0.294442	 2.37508e-05
0.293961	 2.31871e-05
0.29349	 2.26285e-05
0.293028	 2.20747e-05
0.292576	 2.15257e-05
0.292134	 2.09814e-05
0.291701	 2.04414e-05
0.291277	 1.99059e-05
0.290864	 1.93744e-05
0.290459	 1.88471e-05
0.290065	 1.83236e-05
0.28968	 1.78039e-05
0.289305	 1.72878e-05
0.28894	 1.67752e-05
0.288584	 1.6266e-05
0.288238	 1.57599e-05
0.287903	 1.5257e-05
0.287577	 1.4757e-05
0.287261	 1.42598e-05
0.286954	 1.37653e-05
0.286658	 1.32734e-05
0.286372	 1.27839e-05
0.286096	 1.22967e-05
0.28583	 1.18116e-05
0.285574	 1.13286e-05
0.285328	 1.08475e-05
0.285092	 1.03681e-05
0.284866	 9.89041e-06
0.284651	 9.41423e-06
0.284445	 8.93944e-06
0.28425	 8.46591e-06
0.284066	 7.9935e-06
0.283891	 7.5221e-06
0.283727	 7.05157e-06
0.283573	 6.58179e-06
0.28343	 6.11262e-06
0.283297	 5.64393e-06
0.283175	 5.1756e-06
0.283063	 4.70748e-06
0.282961	 4.23946e-06
0.28287	 3.7714e-06
0.28279	 3.30317e-06
0.28272	 2.83463e-06
0.282661	 2.36565e-06
0.282612	 1.89609e-06
0.282574	 1.42583e-06
0.282547	 9.54712e-07
0.282531	 4.82612e-07
0.282525	 9.38708e-09
0.282531	 4.65102e-07
0.282547	 9.40997e-07
0.282573	 1.41844e-06
0.282611	 1.89758e-06
0.28266	 2.37855e-06
0.28272	 2.86151e-06
0.28279	 3.3466e-06
0.282872	 3.83398e-06
0.282964	 4.32379e-06
0.283068	 4.81619e-06
0.283183	 5.31134e-06
0.283309	 5.8094e-06
0.283446	 6.31052e-06
0.283594	 6.81486e-06
0.283753	 7.3226e-06
0.283924	 7.8339e-06
