 x	Error4	Error2	Error0	
1	79.7171	85.8831	93.176	
2	79.6931	85.8591	93.152	
3	79.6691	85.8351	93.128	
4	79.6451	85.8111	93.104	
5	79.6211	85.7871	93.08	
6	79.5971	85.7631	93.056	
7	79.5731	85.7391	93.032	
8	79.5491	85.7151	93.008	
9	79.5251	85.6911	92.984	
10	79.5011	85.6671	92.96	
11	79.4771	85.6431	92.936	
12	79.4531	85.6191	92.912	
13	79.4291	85.5951	92.888	
14	79.4051	85.5711	92.864	
15	79.3811	85.5471	92.84	
16	79.3571	85.5231	92.816	
17	79.3331	85.4991	92.792	
18	79.3091	85.4751	92.768	
19	79.2851	85.4511	92.744	
20	79.2611	85.4271	92.72	
21	79.2371	85.4031	92.696	
22	79.2131	85.3791	92.672	
23	79.1891	85.3551	92.648	
24	79.1651	85.3311	92.624	
25	79.1411	85.3071	92.6	
26	79.1171	85.2831	92.576	
27	79.0931	85.2591	92.552	
28	79.0691	85.2351	92.528	
29	79.0451	85.2111	92.504	
30	79.0211	85.1871	92.48	
31	78.9971	85.1631	92.456	
32	78.9731	85.1391	92.432	
33	78.9491	85.1151	92.408	
34	78.9251	85.0911	92.384	
35	78.9011	85.0671	92.36	
36	78.8771	85.0431	92.336	
37	78.8531	85.0191	92.312	
38	78.8291	84.9951	92.288	
39	78.8051	84.9711	92.264	
40	78.7811	84.9471	92.24	
41	78.7571	84.9231	92.216	
42	78.7331	84.8991	92.192	
43	78.7091	84.8751	92.168	
44	78.6851	84.8511	92.144	
45	78.6611	84.8271	92.12	
46	78.6371	84.8031	92.096	
47	78.6131	84.7791	92.072	
48	78.5891	84.7551	92.048	
49	78.5651	84.7311	92.024	
50	78.5411	84.7071	92	
51	78.5171	84.6831	91.976	
52	78.4931	84.6591	91.952	
53	78.4691	84.6351	91.928	
54	78.4451	84.6111	91.904	
55	78.4211	84.5871	91.88	
56	78.3971	84.5631	91.856	
57	78.3731	84.5391	91.832	
58	78.3491	84.5151	91.808	
59	78.3251	84.4911	91.784	
60	78.3011	84.4671	91.76	
61	78.2771	84.4431	91.736	
62	78.2531	84.4191	91.712	
63	78.2291	84.3951	91.688	
64	78.2051	84.3711	91.664	
65	78.1811	84.3471	91.64	
66	78.1571	84.3231	91.616	
67	78.1331	84.2991	91.592	
68	78.1091	84.2751	91.568	
69	78.0851	84.2511	91.544	
70	78.0611	84.2271	91.52	
71	78.0371	84.2031	91.496	
72	78.0131	84.1791	91.472	
73	77.9891	84.1551	91.448	
74	77.9651	84.1311	91.424	
75	77.9411	84.1071	91.4	
76	77.9171	84.0831	91.376	
77	77.8931	84.0591	91.352	
78	77.8691	84.0351	91.328	
79	77.8451	84.0111	91.304	
80	77.8211	83.9871	91.28	
81	77.7971	83.9631	91.256	
82	77.7731	83.9391	91.232	
83	77.7491	83.9151	91.208	
84	77.7251	83.8911	91.184	
85	77.7011	83.8671	91.16	
86	77.6771	83.8431	91.136	
87	77.6531	83.8191	91.112	
88	77.6291	83.7951	91.088	
89	77.6051	83.7711	91.064	
90	77.5811	83.7471	91.04	
91	77.5571	83.7231	91.016	
92	77.5331	83.6991	90.992	
93	77.5091	83.6751	90.968	
94	77.4851	83.6511	90.944	
95	77.4611	83.6271	90.92	
96	77.4371	83.6031	90.896	
97	77.4131	83.5791	90.872	
98	77.3891	83.5551	90.848	
99	77.3651	83.5311	90.824	
100	77.3411	83.5071	90.8	
101	77.3171	83.4831	90.776	
102	77.2931	83.4591	90.752	
103	77.2691	83.4351	90.728	
104	77.2451	83.4111	90.704	
105	77.2211	83.3871	90.68	
106	77.1971	83.3631	90.656	
107	77.1731	83.3391	90.632	
108	77.1491	83.3151	90.608	
109	77.1251	83.2911	90.584	
110	77.1011	83.2671	90.56	
111	77.0771	83.2431	90.536	
112	77.0531	83.2191	90.512	
113	77.0291	83.1951	90.488	
114	77.0051	83.1711	90.464	
115	76.9811	83.1471	90.44	
116	76.9571	83.1231	90.416	
117	76.9331	83.0991	90.392	
118	76.9091	83.0751	90.368	
119	76.8851	83.0511	90.344	
120	76.8611	83.0271	90.32	
121	76.8371	83.0031	90.296	
122	76.8131	82.9791	90.272	
123	76.7891	82.9551	90.248	
124	76.7651	82.9311	90.224	
125	76.7411	82.9071	90.2	
126	76.7171	82.8831	90.176	
127	76.6931	82.8591	90.152	
128	76.6691	82.8351	90.128	
129	76.6451	82.8111	90.104	
130	76.6211	82.7871	90.08	
131	76.5971	82.7631	90.056	
132	76.5731	82.7391	90.032	
133	76.5491	82.7151	90.008	
134	76.5251	82.6911	89.984	
135	76.5011	82.6671	89.96	
136	76.4771	82.6431	89.936	
137	76.4531	82.6191	89.912	
138	76.4291	82.5951	89.888	
139	76.4051	82.5711	89.864	
140	76.3811	82.5471	89.84	
141	76.3571	82.5231	89.816	
142	76.3331	82.4991	89.792	
143	76.3091	82.4751	89.768	
144	76.2851	82.4511	89.744	
145	76.2611	82.4271	89.72	
146	76.2371	82.4031	89.696	
147	76.2131	82.3791	89.672	
148	76.1891	82.3551	89.648	
149	76.1651	82.3311	89.624	
150	76.1411	82.3071	89.6	
151	76.1171	82.2831	89.576	
152	76.0931	82.2591	89.552	
153	76.0691	82.2351	89.528	
154	76.0451	82.2111	89.504	
155	76.0211	82.1871	89.48	
156	75.9971	82.1631	89.456	
157	75.9731	82.1391	89.432	
158	75.9491	82.1151	89.408	
159	75.9251	82.0911	89.384	
160	75.9011	82.0671	89.36	
161	75.8771	82.0431	89.336	
162	75.8531	82.0191	89.312	
163	75.8291	81.9951	89.288	
164	75.8051	81.9711	89.264	
165	75.7811	81.9471	89.24	
166	75.7571	81.9231	89.216	
167	75.7331	81.8991	89.192	
168	75.7091	81.8751	89.168	
169	75.6851	81.8511	89.144	
170	75.6611	81.8271	89.12	
171	75.6371	81.8031	89.096	
172	75.6131	81.7791	89.072	
173	75.5891	81.7551	89.048	
174	75.5651	81.7311	89.024	
175	75.5411	81.7071	89	
176	75.5171	81.6831	88.976	
177	75.4931	81.6591	88.952	
178	75.3921	81.5581	88.851	
179	75.2581	81.4241	88.717	
180	75.1241	81.2901	88.583	
181	74.9901	81.1561	88.449	
182	74.8561	81.0221	88.315	
183	74.7221	80.8881	88.181	
184	74.5881	80.7541	88.047	
185	74.4541	80.6201	87.913	
186	74.3201	80.4861	87.779	
187	74.1861	80.3521	87.645	
188	74.0521	80.2181	87.511	
189	73.9181	80.0841	87.377	
190	73.7841	79.9501	87.243	
191	73.6501	79.8161	87.109	
192	73.5161	79.6821	86.975	
193	73.3821	79.5481	86.841	
194	73.2481	79.4141	86.707	
195	73.1141	79.2801	86.573	
196	72.9801	79.1461	86.439	
197	72.8461	79.0121	86.305	
198	72.7121	78.8781	86.171	
199	72.5781	78.7441	86.037	
200	72.4441	78.6101	85.903	
201	72.3101	78.4761	85.769	
202	72.1761	78.3421	85.635	
203	72.0421	78.2081	85.501	
204	71.9081	78.0741	85.367	
205	71.7741	77.9401	85.233	
206	71.6401	77.8061	85.099	
207	71.5061	77.6721	84.965	
208	71.3721	77.5381	84.831	
209	71.2381	77.4041	84.697	
210	71.1041	77.2701	84.563	
211	70.9701	77.1361	84.429	
212	70.8361	77.0021	84.295	
213	70.7021	76.8681	84.161	
214	70.5681	76.7341	84.027	
215	70.4341	76.6001	83.893	
216	70.3001	76.4661	83.759	
217	70.1661	76.3321	83.625	
218	70.0321	76.1981	83.491	
219	69.8981	76.0641	83.357	
220	69.7641	75.9301	83.223	
221	69.6301	75.7961	83.089	
222	69.4961	75.6621	82.955	
223	69.3621	75.5281	82.821	
224	69.2281	75.3941	82.687	
225	69.0941	75.2601	82.553	
226	68.9601	75.1261	82.419	
227	68.8261	74.9921	82.285	
228	68.6921	74.8581	82.151	
229	68.5581	74.7241	82.017	
230	68.4241	74.5901	81.883	
231	68.2901	74.4561	81.749	
232	68.1561	74.3221	81.615	
233	68.0221	74.1881	81.481	
234	67.8881	74.0541	81.347	
235	67.7541	73.9201	81.213	
236	67.6201	73.7861	81.079	
237	67.4861	73.6521	80.945	
238	67.3521	73.5181	80.811	
239	67.2181	73.3841	80.677	
240	67.0841	73.2501	80.543	
241	66.9501	73.1161	80.409	
242	66.8161	72.9821	80.275	
243	66.6821	72.8481	80.141	
244	66.5481	72.7141	80.007	
245	66.4141	72.5801	79.873	
246	66.2801	72.4461	79.739	
247	66.1461	72.3121	79.605	
248	66.0121	72.1781	79.471	
249	65.8781	72.0441	79.337	
250	65.7441	71.9101	79.203	
251	65.6101	71.7761	79.069	
252	65.4761	71.6421	78.935	
253	65.3421	71.5081	78.801	
254	65.2081	71.3741	78.667	
255	65.0741	71.2401	78.533	
256	64.9401	71.1061	78.399	
257	64.8061	70.9721	78.265	
258	64.6721	70.8381	78.131	
259	64.5381	70.7041	77.997	
260	64.4041	70.5701	77.863	
261	64.2701	70.4361	77.729	
262	64.1361	70.3021	77.595	
263	64.0021	70.1681	77.461	
264	63.8681	70.0341	77.327	
265	63.7341	69.9001	77.193	
266	63.6001	69.7661	77.059	
267	63.4661	69.6321	76.925	
268	63.3321	69.4981	76.791	
269	63.1981	69.3641	76.657	
270	63.0641	69.2301	76.523	
271	62.9301	69.0961	76.389	
272	62.7961	68.9621	76.255	
273	62.6621	68.8281	76.121	
274	62.5281	68.6941	75.987	
275	62.3941	68.5601	75.853	
276	62.2601	68.4261	75.719	
277	62.1261	68.2921	75.585	
278	61.9921	68.1581	75.451	
279	61.8581	68.0241	75.317	
280	61.7241	67.8901	75.183	
281	61.5901	67.7561	75.049	
282	61.4561	67.6221	74.915	
283	61.3221	67.4881	74.781	
284	61.1881	67.3541	74.647	
285	61.0541	67.2201	74.513	
286	60.9201	67.0861	74.379	
287	60.7861	66.9521	74.245	
288	60.6521	66.8181	74.111	
289	60.5181	66.6841	73.977	
290	60.3841	66.5501	73.843	
291	60.2501	66.4161	73.709	
292	60.1161	66.2821	73.575	
293	59.9821	66.1481	73.441	
294	59.8481	66.0141	73.307	
295	59.7141	65.8801	73.173	
296	59.5801	65.7461	73.039	
297	59.4461	65.6121	72.905	
298	59.3121	65.4781	72.771	
299	59.1781	65.3441	72.637	
300	59.0441	65.2101	72.503	
301	58.9101	65.0761	72.369	
302	58.7761	64.9421	72.235	
303	58.6421	64.8081	72.101	
304	58.5081	64.6741	71.967	
305	58.3741	64.5401	71.833	
306	58.2401	64.4061	71.699	
307	58.1061	64.2721	71.565	
308	57.9721	64.1381	71.431	
309	57.8381	64.0041	71.297	
310	57.7041	63.8701	71.163	
311	57.5701	63.7361	71.029	
312	57.4361	63.6021	70.895	
313	57.3021	63.4681	70.761	
314	57.1681	63.3341	70.627	
315	57.0341	63.2001	70.493	
316	56.9001	63.0661	70.359	
317	56.7661	62.9321	70.225	
318	56.6321	62.7981	70.091	
319	56.4981	62.6641	69.957	
320	56.3641	62.5301	69.823	
321	56.2301	62.3961	69.689	
322	56.0961	62.2621	69.555	
323	55.9621	62.1281	69.421	
324	55.8281	61.9941	69.287	
325	55.6941	61.8601	69.153	
326	55.5601	61.7261	69.019	
327	55.4261	61.5921	68.885	
328	55.2921	61.4581	68.751	
329	55.1581	61.3241	68.617	
330	55.0241	61.1901	68.483	
331	54.8901	61.0561	68.349	
332	54.7561	60.9221	68.215	
333	54.6221	60.7881	68.081	
334	54.4881	60.6541	67.947	
335	54.3541	60.5201	67.813	
336	54.2201	60.3861	67.679	
337	54.0861	60.2521	67.545	
338	53.9521	60.1181	67.411	
339	53.8181	59.9841	67.277	
340	53.6841	59.8501	67.143	
341	53.5501	59.7161	67.009	
342	53.4161	59.5821	66.875	
343	53.2821	59.4481	66.741	
344	53.1481	59.3141	66.607	
345	53.0141	59.1801	66.473	
346	52.8801	59.0461	66.339	
347	52.7461	58.9121	66.205	
348	52.6121	58.7781	66.071	
349	52.4781	58.6441	65.937	
350	52.3441	58.5101	65.803	
351	52.2101	58.3761	65.669	
352	52.0761	58.2421	65.535	
353	51.9421	58.1081	65.401	
354	51.8081	57.9741	65.267	
355	51.6741	57.8401	65.133	
356	51.5401	57.7061	64.999	
357	51.4061	57.5721	64.865	
358	51.2721	57.4381	64.731	
359	51.1381	57.3041	64.597	
360	51.0041	57.1701	64.463	
361	50.8701	57.0361	64.329	
362	50.7361	56.9021	64.195	
363	50.6021	56.7681	64.061	
364	50.4681	56.6341	63.927	
365	50.3341	56.5001	63.793	
366	50.2001	56.3661	63.659	
367	50.0661	56.2321	63.525	
368	49.9321	56.0981	63.391	
369	49.7981	55.9641	63.257	
370	49.6641	55.8301	63.123	
371	49.5301	55.6961	62.989	
372	49.3961	55.5621	62.855	
373	49.2621	55.4281	62.721	
374	49.1281	55.2941	62.587	
375	48.9941	55.1601	62.453	
376	48.8601	55.0261	62.319	
377	48.7261	54.8921	62.185	
378	48.5921	54.7581	62.051	
379	48.4581	54.6241	61.917	
380	48.3241	54.4901	61.783	
381	48.1901	54.3561	61.649	
382	48.0561	54.2221	61.515	
383	47.9221	54.0881	61.381	
384	47.7881	53.9541	61.247	
385	47.6541	53.8201	61.113	
386	47.5201	53.6861	60.979	
387	47.3861	53.5521	60.845	
388	47.2521	53.4181	60.711	
389	47.1181	53.2841	60.577	
390	46.9841	53.1501	60.443	
391	46.8501	53.0161	60.309	
392	46.7161	52.8821	60.175	
393	46.5821	52.7481	60.041	
394	46.4481	52.6141	59.907	
395	46.3141	52.4801	59.773	
396	46.1801	52.3461	59.639	
397	46.0461	52.2121	59.505	
398	45.9121	52.0781	59.371	
399	45.7781	51.9441	59.237	
400	45.6441	51.8101	59.103	
401	45.5101	51.6761	58.969	
402	45.3761	51.5421	58.835	
403	45.2421	51.4081	58.701	
404	45.1081	51.2741	58.567	
405	44.9741	51.1401	58.433	
406	44.8401	51.0061	58.299	
407	44.7061	50.8721	58.165	
408	44.5721	50.7381	58.031	
409	44.4381	50.6041	57.897	
410	44.3041	50.4701	57.763	
411	44.1701	50.3361	57.629	
412	44.0361	50.2021	57.495	
413	43.9021	50.0681	57.361	
414	43.7681	49.9341	57.227	
415	43.6341	49.8001	57.093	
416	43.5001	49.6661	56.959	
417	43.3661	49.5321	56.825	
418	43.2321	49.3981	56.691	
419	43.0981	49.2641	56.557	
420	42.9641	49.1301	56.423	
421	42.8301	48.9961	56.289	
422	42.6961	48.8621	56.155	
423	42.5621	48.7281	56.021	
424	42.4281	48.5941	55.887	
425	42.2941	48.4601	55.753	
426	42.1601	48.3261	55.619	
427	42.0261	48.1921	55.485	
428	41.8921	48.0581	55.351	
429	41.7581	47.9241	55.217	
430	41.6241	47.7901	55.083	
431	41.4901	47.6561	54.949	
432	41.3561	47.5221	54.815	
433	41.2221	47.3881	54.681	
434	41.0881	47.2541	54.547	
435	40.9541	47.1201	54.413	
436	40.8201	46.9861	54.279	
437	40.6861	46.8521	54.145	
438	40.5521	46.7181	54.011	
439	40.4181	46.5841	53.877	
440	40.2841	46.4501	53.743	
441	40.1501	46.3161	53.609	
442	40.0161	46.1821	53.475	
443	39.8821	46.0481	53.341	
444	39.7481	45.9141	53.207	
445	39.6141	45.7801	53.073	
446	39.4801	45.6461	52.939	
447	39.3461	45.5121	52.805	
448	39.2121	45.3781	52.671	
449	39.0781	45.2441	52.537	
450	38.9441	45.1101	52.403	
451	38.8101	44.9761	52.269	
452	38.6761	44.8421	52.135	
453	38.5421	44.7081	52.001	
454	38.4081	44.5741	51.867	
455	38.2741	44.4401	51.733	
456	38.1401	44.3061	51.599	
457	38.0061	44.1721	51.465	
458	37.8721	44.0381	51.331	
459	37.7381	43.9041	51.197	
460	37.6041	43.7701	51.063	
461	37.4701	43.6361	50.929	
462	37.3361	43.5021	50.795	
463	37.2021	43.3681	50.661	
464	37.0681	43.2341	50.527	
465	36.9341	43.1001	50.393	
466	36.8001	42.9661	50.259	
467	36.6661	42.8321	50.125	
468	36.5321	42.6981	49.991	
469	36.3981	42.5641	49.857	
470	36.2641	42.4301	49.723	
471	36.1301	42.2961	49.589	
472	35.9961	42.1621	49.455	
473	35.8621	42.0281	49.321	
474	35.7281	41.8941	49.187	
475	35.5941	41.7601	49.053	
476	35.4601	41.6261	48.919	
477	35.3261	41.4921	48.785	
478	35.1921	41.3581	48.651	
479	35.0581	41.2241	48.517	
480	34.9241	41.0901	48.383	
481	34.7901	40.9561	48.249	
482	34.6561	40.8221	48.115	
483	34.5221	40.6881	47.981	
484	34.3881	40.5541	47.847	
485	34.2541	40.4201	47.713	
486	34.1201	40.2861	47.579	
487	33.9861	40.1521	47.445	
488	33.8521	40.0181	47.311	
489	33.7181	39.8841	47.177	
490	33.5841	39.7501	47.043	
491	33.4501	39.6161	46.909	
492	33.3161	39.4821	46.775	
493	33.1821	39.3481	46.641	
494	33.0481	39.2141	46.507	
495	32.9141	39.0801	46.373	
496	32.7801	38.9461	46.239	
497	32.6461	38.8121	46.105	
498	32.5121	38.6781	45.971	
499	32.3781	38.5441	45.837	
500	32.2441	38.4101	45.703	
501	32.1101	38.2761	45.569	
502	31.9761	38.1421	45.435	
503	31.8421	38.0081	45.301	
504	31.7081	37.8741	45.167	
505	31.5741	37.7401	45.033	
506	31.4401	37.6061	44.899	
507	31.3061	37.4721	44.765	
508	31.1721	37.3381	44.631	
509	31.0381	37.2041	44.497	
510	30.9041	37.0701	44.363	
511	30.7701	36.9361	44.229	
512	30.6361	36.8021	44.095	
513	30.5021	36.6681	43.961	
514	30.3681	36.5341	43.827	
515	30.2341	36.4001	43.693	
516	30.1001	36.2661	43.559	
517	29.9661	36.1321	43.425	
518	29.8321	35.9981	43.291	
519	29.6981	35.8641	43.157	
520	29.5641	35.7301	43.023	
521	29.4301	35.5961	42.889	
522	29.2961	35.4621	42.755	
523	29.1621	35.3281	42.621	
524	29.0281	35.1941	42.487	
525	28.8941	35.0601	42.353	
526	28.7601	34.9261	42.219	
527	28.6261	34.7921	42.085	
528	28.4921	34.6581	41.951	
529	28.3581	34.5241	41.817	
530	28.2241	34.3901	41.683	
531	28.0901	34.2561	41.549	
532	27.9561	34.1221	41.415	
533	27.8221	33.9881	41.281	
534	27.6881	33.8541	41.147	
535	27.5541	33.7201	41.013	
536	27.4201	33.5861	40.879	
537	27.2861	33.4521	40.745	
538	27.1521	33.3181	40.611	
539	27.0181	33.1841	40.477	
540	26.8841	33.0501	40.343	
541	26.7501	32.9161	40.209	
542	26.6161	32.7821	40.075	
543	26.4821	32.6481	39.941	
544	26.3481	32.5141	39.807	
545	26.2141	32.3801	39.673	
546	26.0801	32.2461	39.539	
547	25.9461	32.1121	39.405	
548	25.8121	31.9781	39.271	
549	25.6781	31.8441	39.137	
550	25.5441	31.7101	39.003	
551	25.4101	31.5761	38.869	
552	25.2761	31.4421	38.735	
553	25.1421	31.3081	38.601	
554	25.0081	31.1741	38.467	
555	24.8741	31.0401	38.333	
556	24.7401	30.9061	38.199	
557	24.6061	30.7721	38.065	
558	24.4721	30.6381	37.931	
559	24.3381	30.5041	37.797	
560	24.2041	30.3701	37.663	
561	24.0701	30.2361	37.529	
562	23.9361	30.1021	37.395	
563	23.8021	29.9681	37.261	
564	23.6681	29.8341	37.127	
565	23.5341	29.7001	36.993	
566	23.4001	29.5661	36.859	
567	23.2661	29.4321	36.725	
568	23.1321	29.2981	36.591	
569	22.9981	29.1641	36.457	
570	22.8641	29.0301	36.323	
571	22.7301	28.8961	36.189	
572	22.5961	28.7621	36.055	
573	22.4621	28.6281	35.921	
574	22.3281	28.4941	35.787	
575	22.1941	28.3601	35.653	
576	22.0601	28.2261	35.519	
577	21.9261	28.0921	35.385	
578	21.7921	27.9581	35.251	
579	21.6581	27.8241	35.117	
580	21.5241	27.6901	34.983	
581	21.3901	27.5561	34.849	
582	21.2561	27.4221	34.715	
583	21.1221	27.2881	34.581	
584	20.9881	27.1541	34.447	
585	20.8541	27.0201	34.313	
586	20.7201	26.8861	34.179	
587	20.5861	26.7521	34.045	
588	20.4521	26.6181	33.911	
589	20.3181	26.4841	33.777	
590	20.1841	26.3501	33.643	
591	20.0501	26.2161	33.509	
592	19.9161	26.0821	33.375	
593	19.7821	25.9481	33.241	
594	19.6481	25.8141	33.107	
595	19.5141	25.6801	32.973	
596	19.3801	25.5461	32.839	
597	19.2461	25.4121	32.705	
598	19.1121	25.2781	32.571	
599	18.9781	25.1441	32.437	
600	18.8441	25.0101	32.303	
601	18.7101	24.8761	32.169	
602	18.5761	24.7421	32.035	
603	18.4421	24.6081	31.901	
604	18.3081	24.4741	31.767	
605	18.1741	24.3401	31.633	
606	18.0401	24.2061	31.499	
607	17.9061	24.0721	31.365	
608	17.7721	23.9381	31.231	
609	17.6381	23.8041	31.097	
610	17.5041	23.6701	30.963	
611	17.3701	23.5361	30.829	
612	17.2361	23.4021	30.695	
613	17.1021	23.2681	30.561	
614	16.9681	23.1341	30.427	
615	16.8341	23.0001	30.293	
616	16.7001	22.8661	30.159	
617	16.5661	22.7321	30.025	
618	16.4321	22.5981	29.891	
619	16.2981	22.4641	29.757	
620	16.1641	22.3301	29.623	
621	16.0301	22.1961	29.489	
622	15.8961	22.0621	29.355	
623	15.7621	21.9281	29.221	
624	15.6281	21.7941	29.087	
625	15.4941	21.6601	28.953	
626	15.3601	21.5261	28.819	
627	15.2261	21.3921	28.685	
628	15.0921	21.2581	28.551	
629	14.9581	21.1241	28.417	
630	14.8241	20.9901	28.283	
631	14.6901	20.8561	28.149	
632	14.5561	20.7221	28.015	
633	14.4221	20.5881	27.881	
634	14.2881	20.4541	27.747	
635	14.1541	20.3201	27.613	
636	14.0201	20.1861	27.479	
637	13.8861	20.0521	27.345	
638	13.7521	19.9181	27.211	
639	13.6181	19.7841	27.077	
640	13.4841	19.6501	26.943	
641	13.3501	19.5161	26.809	
642	13.2161	19.3821	26.675	
643	13.0821	19.2481	26.541	
644	12.9481	19.1141	26.407	
645	12.8141	18.9801	26.273	
646	12.6801	18.8461	26.139	
647	12.5461	18.7121	26.005	
648	12.4121	18.5781	25.871	
649	12.2781	18.4441	25.737	
650	12.1441	18.3101	25.603	
651	12.0101	18.1761	25.469	
652	11.8761	18.0421	25.335	
653	11.7421	17.9081	25.201	
654	11.6081	17.7741	25.067	
655	11.4741	17.6401	24.933	
656	11.3401	17.5061	24.799	
657	11.2061	17.3721	24.665	
658	11.0721	17.2381	24.531	
659	10.9381	17.1041	24.397	
660	10.8041	16.9701	24.263	
661	10.6701	16.8361	24.129	
662	10.5361	16.7021	23.995	
663	10.4021	16.5681	23.861	
664	10.2681	16.4341	23.727	
665	10.1341	16.3001	23.593	
666	10.0001	16.1661	23.459	
667	9.86611	16.0321	23.325	
668	9.73211	15.8981	23.191	
669	9.59811	15.7641	23.057	
670	9.46411	15.6301	22.923	
671	9.33011	15.4961	22.789	
672	9.19611	15.3621	22.655	
673	9.06211	15.2281	22.521	
674	8.92811	15.0941	22.387	
675	8.79411	14.9601	22.253	
676	8.66011	14.8261	22.119	
677	8.52611	14.6921	21.985	
678	8.39211	14.5581	21.851	
679	8.25811	14.4241	21.717	
680	8.12411	14.2901	21.583	
681	7.99011	14.1561	21.449	
682	7.85611	14.0221	21.315	
683	7.72211	13.8881	21.181	
684	7.58811	13.7541	21.047	
685	7.45411	13.6201	20.913	
686	7.32011	13.4861	20.779	
687	7.18611	13.3521	20.645	
688	7.05211	13.2181	20.511	
689	6.91811	13.0841	20.377	
690	6.78411	12.9501	20.243	
691	6.65011	12.8161	20.109	
692	6.51611	12.6821	19.975	
693	6.38211	12.5481	19.841	
694	6.24811	12.4141	19.707	
695	6.11411	12.2801	19.573	
696	5.98011	12.1461	19.439	
697	5.84611	12.0121	19.305	
698	5.71211	11.8781	19.171	
699	5.57811	11.7441	19.037	
700	5.44411	11.6101	18.903	
